0.000000 -2.000000 -2.000000
0.010000 -2.083473 -2.125564
0.020000 -2.182470 -2.271562
0.030000 -2.302213 -2.444662
0.040000 -2.450718 -2.655058
0.050000 -2.641056 -2.919306
0.060000 -2.896342 -3.266560
0.070000 -3.262427 -3.754407
0.080000 -3.847923 -4.518676
0.090000 -5.006801 -6.000054
0.100000 -9.393910 -11.487432


0.000000 -2.000000 -1.000000
0.010000 -2.053485 -1.052541
0.020000 -2.112518 -1.109612
0.030000 -2.178135 -1.172017
0.040000 -2.251661 -1.240774
0.050000 -2.334813 -1.317202
0.060000 -2.429874 -1.403047
0.070000 -2.539949 -1.500671
0.080000 -2.669391 -1.613376
0.090000 -2.824526 -1.745939
0.100000 -3.014974 -1.905592
0.110000 -3.256228 -2.103936
0.120000 -3.575242 -2.361069
0.130000 -4.024242 -2.715764
0.140000 -4.722430 -3.256134
0.150000 -6.031494 -4.248328
0.160000 -10.105983 -7.269935


0.000000 -2.000000 0.000000
0.010000 -2.050749 -0.020508
0.020000 -2.105311 -0.042112
0.030000 -2.164233 -0.064946
0.040000 -2.228172 -0.089174
0.050000 -2.297934 -0.114993
0.060000 -2.374515 -0.142642
0.070000 -2.459161 -0.172423
0.080000 -2.553461 -0.204714
0.090000 -2.659473 -0.240001
0.100000 -2.779922 -0.278923
0.110000 -2.918501 -0.322336
0.120000 -3.080369 -0.371429
0.130000 -3.272986 -0.427901
0.140000 -3.507635 -0.494303
0.150000 -3.802365 -0.574671
0.160000 -4.188287 -0.675903
0.170000 -4.724939 -0.811067
0.180000 -5.545612 -1.009129
0.190000 -7.040675 -1.354042
0.200000 -11.312126 -2.292736


0.000000 -2.000000 1.000000
0.010000 -2.074123 1.011263
0.020000 -2.155200 1.024247
0.030000 -2.244495 1.039298
0.040000 -2.343615 1.056864
0.050000 -2.454649 1.077529
0.060000 -2.580362 1.102071
0.070000 -2.724506 1.131556
0.080000 -2.892336 1.167487
0.090000 -3.091467 1.212057
0.100000 -3.333457 1.268624
0.110000 -3.636885 1.342621
0.120000 -4.034000 1.443552
0.130000 -4.587156 1.589935
0.140000 -5.438365 1.824263
0.150000 -7.017559 2.276198
0.160000 -11.879537 3.722825


0.000000 -2.000000 2.000000
0.010000 -2.125564 2.083473
0.020000 -2.271562 2.182470
0.030000 -2.444662 2.302213
0.040000 -2.655058 2.450718
0.050000 -2.919306 2.641056
0.060000 -3.266560 2.896342
0.070000 -3.754407 3.262427
0.080000 -4.518676 3.847923
0.090000 -6.000054 5.006801
0.100000 -11.487432 9.393910


0.000000 -1.000000 -2.000000
0.010000 -1.011263 -2.074123
0.020000 -1.024247 -2.155200
0.030000 -1.039298 -2.244495
0.040000 -1.056864 -2.343615
0.050000 -1.077529 -2.454649
0.060000 -1.102071 -2.580362
0.070000 -1.131556 -2.724506
0.080000 -1.167487 -2.892336
0.090000 -1.212057 -3.091467
0.100000 -1.268624 -3.333457
0.110000 -1.342621 -3.636885
0.120000 -1.443552 -4.034000
0.130000 -1.589935 -4.587156
0.140000 -1.824263 -5.438365
0.150000 -2.276198 -7.017559
0.160000 -3.722825 -11.879537


0.000000 -1.000000 -1.000000
0.010000 -1.002555 -1.022809
0.020000 -1.005229 -1.046264
0.030000 -1.008034 -1.070405
0.040000 -1.010985 -1.095280
0.050000 -1.014098 -1.120939
0.060000 -1.017392 -1.147438
0.070000 -1.020885 -1.174837
0.080000 -1.024600 -1.203206
0.090000 -1.028561 -1.232619
0.100000 -1.032797 -1.263161
0.110000 -1.037337 -1.294925
0.120000 -1.042216 -1.328017
0.130000 -1.047474 -1.362555
0.140000 -1.053156 -1.398672
0.150000 -1.059313 -1.436521
0.160000 -1.066002 -1.476273
0.170000 -1.073292 -1.518127
0.180000 -1.081261 -1.562311
0.190000 -1.090000 -1.609088
0.200000 -1.099614 -1.658766
0.210000 -1.110232 -1.711707
0.220000 -1.122002 -1.768338
0.230000 -1.135105 -1.829170
0.240000 -1.149759 -1.894818
0.250000 -1.166232 -1.966030
0.260000 -1.184856 -2.043729
0.270000 -1.206046 -2.129066
0.280000 -1.230334 -2.223499
0.290000 -1.258409 -2.328912
0.300000 -1.291183 -2.447779
0.310000 -1.329891 -2.583438
0.320000 -1.376257 -2.740510
0.330000 -1.432767 -2.925625
0.340000 -1.503161 -3.148693
0.350000 -1.593375 -3.425353
0.360000 -1.713518 -3.782074
0.370000 -1.882562 -4.268225
0.380000 -2.141598 -4.990075
0.390000 -2.603481 -6.237653
0.400000 -3.777081 -9.309943


0.000000 -1.000000 0.000000
0.010000 -1.006510 -0.010065
0.020000 -1.013043 -0.020264
0.030000 -1.019600 -0.030597
0.040000 -1.026182 -0.041069
0.050000 -1.032793 -0.051683
0.060000 -1.039435 -0.062441
0.070000 -1.046110 -0.073348
0.080000 -1.052820 -0.084406
0.090000 -1.059569 -0.095620
0.100000 -1.066359 -0.106993
0.110000 -1.073194 -0.118530
0.120000 -1.080077 -0.130235
0.130000 -1.087010 -0.142113
0.140000 -1.093999 -0.154168
0.150000 -1.101046 -0.166407
0.160000 -1.108157 -0.178834
0.170000 -1.115335 -0.191455
0.180000 -1.122585 -0.204276
0.190000 -1.129912 -0.217304
0.200000 -1.137321 -0.230546
0.210000 -1.144819 -0.244010
0.220000 -1.152411 -0.257701
0.230000 -1.160103 -0.271631
0.240000 -1.167904 -0.285806
0.250000 -1.175819 -0.300236
0.260000 -1.183857 -0.314931
0.270000 -1.192026 -0.329903
0.280000 -1.200336 -0.345162
0.290000 -1.208796 -0.360720
0.300000 -1.217417 -0.376591
0.310000 -1.226210 -0.392789
0.320000 -1.235186 -0.409328
0.330000 -1.244360 -0.426224
0.340000 -1.253746 -0.443496
0.350000 -1.263358 -0.461161
0.360000 -1.273213 -0.479241
0.370000 -1.283329 -0.497756
0.380000 -1.293726 -0.516731
0.390000 -1.304425 -0.536190
0.400000 -1.315449 -0.556163
0.410000 -1.326824 -0.576679
0.420000 -1.338577 -0.597772
0.430000 -1.350738 -0.619477
0.440000 -1.363343 -0.641835
0.450000 -1.376426 -0.664890
0.460000 -1.390030 -0.688689
0.470000 -1.404199 -0.713285
0.480000 -1.418984 -0.738739
0.490000 -1.434442 -0.765114
0.500000 -1.450634 -0.792485
0.510000 -1.467632 -0.820933
0.520000 -1.485514 -0.850549
0.530000 -1.504372 -0.881437
0.540000 -1.524307 -0.913715
0.550000 -1.545436 -0.947515
0.560000 -1.567892 -0.982989
0.570000 -1.591831 -1.020314
0.580000 -1.617431 -1.059690
0.590000 -1.644902 -1.101353
0.600000 -1.674488 -1.145579
0.610000 -1.706482 -1.192692
0.620000 -1.741230 -1.243080
0.630000 -1.779153 -1.297206
0.640000 -1.820760 -1.355635
0.650000 -1.866680 -1.419058
0.660000 -1.917698 -1.488335
0.670000 -1.974809 -1.564551
0.680000 -2.039292 -1.649097
0.690000 -2.112830 -1.743794
0.700000 -2.197680 -1.851080
0.710000 -2.296963 -1.974306
0.720000 -2.415127 -2.118230
0.730000 -2.558776 -2.289893
0.740000 -2.738224 -2.500243
0.750000 -2.970678 -2.767473
0.760000 -3.287550 -3.124656
0.770000 -3.754171 -3.640298
0.780000 -4.538097 -4.489353
0.790000 -6.285265 -6.343269
0.800000 -19.220401 -19.776324


0.000000 -1.000000 1.000000
0.010000 -1.022809 1.002555
0.020000 -1.046264 1.005229
0.030000 -1.070405 1.008034
0.040000 -1.095280 1.010985
0.050000 -1.120939 1.014098
0.060000 -1.147438 1.017392
0.070000 -1.174837 1.020885
0.080000 -1.203206 1.024600
0.090000 -1.232619 1.028561
0.100000 -1.263161 1.032797
0.110000 -1.294925 1.037337
0.120000 -1.328017 1.042216
0.130000 -1.362555 1.047474
0.140000 -1.398672 1.053156
0.150000 -1.436521 1.059313
0.160000 -1.476273 1.066002
0.170000 -1.518127 1.073292
0.180000 -1.562311 1.081261
0.190000 -1.609088 1.090000
0.200000 -1.658766 1.099614
0.210000 -1.711707 1.110232
0.220000 -1.768338 1.122002
0.230000 -1.829170 1.135105
0.240000 -1.894818 1.149759
0.250000 -1.966030 1.166232
0.260000 -2.043729 1.184856
0.270000 -2.129066 1.206046
0.280000 -2.223499 1.230334
0.290000 -2.328912 1.258409
0.300000 -2.447779 1.291183
0.310000 -2.583438 1.329891
0.320000 -2.740510 1.376257
0.330000 -2.925625 1.432767
0.340000 -3.148693 1.503161
0.350000 -3.425353 1.593375
0.360000 -3.782074 1.713518
0.370000 -4.268225 1.882562
0.380000 -4.990075 2.141598
0.390000 -6.237653 2.603481
0.400000 -9.309943 3.777081


0.000000 -1.000000 2.000000
0.010000 -1.052541 2.053485
0.020000 -1.109612 2.112518
0.030000 -1.172017 2.178135
0.040000 -1.240774 2.251661
0.050000 -1.317202 2.334813
0.060000 -1.403047 2.429874
0.070000 -1.500671 2.539949
0.080000 -1.613376 2.669391
0.090000 -1.745939 2.824526
0.100000 -1.905592 3.014974
0.110000 -2.103936 3.256228
0.120000 -2.361069 3.575242
0.130000 -2.715764 4.024242
0.140000 -3.256134 4.722430
0.150000 -4.248328 6.031494
0.160000 -7.269935 10.105983


0.000000 0.000000 -2.000000
0.010000 0.020508 -2.050749
0.020000 0.042112 -2.105311
0.030000 0.064946 -2.164233
0.040000 0.089174 -2.228172
0.050000 0.114993 -2.297934
0.060000 0.142642 -2.374515
0.070000 0.172423 -2.459161
0.080000 0.204714 -2.553461
0.090000 0.240001 -2.659473
0.100000 0.278923 -2.779922
0.110000 0.322336 -2.918501
0.120000 0.371429 -3.080369
0.130000 0.427901 -3.272986
0.140000 0.494303 -3.507635
0.150000 0.574671 -3.802365
0.160000 0.675903 -4.188287
0.170000 0.811067 -4.724939
0.180000 1.009129 -5.545612
0.190000 1.354042 -7.040675
0.200000 2.292736 -11.312126


0.000000 0.000000 -1.000000
0.010000 0.010065 -1.006510
0.020000 0.020264 -1.013043
0.030000 0.030597 -1.019600
0.040000 0.041069 -1.026182
0.050000 0.051683 -1.032793
0.060000 0.062441 -1.039435
0.070000 0.073348 -1.046110
0.080000 0.084406 -1.052820
0.090000 0.095620 -1.059569
0.100000 0.106993 -1.066359
0.110000 0.118530 -1.073194
0.120000 0.130235 -1.080077
0.130000 0.142113 -1.087010
0.140000 0.154168 -1.093999
0.150000 0.166407 -1.101046
0.160000 0.178834 -1.108157
0.170000 0.191455 -1.115335
0.180000 0.204276 -1.122585
0.190000 0.217304 -1.129912
0.200000 0.230546 -1.137321
0.210000 0.244010 -1.144819
0.220000 0.257701 -1.152411
0.230000 0.271631 -1.160103
0.240000 0.285806 -1.167904
0.250000 0.300236 -1.175819
0.260000 0.314931 -1.183857
0.270000 0.329903 -1.192026
0.280000 0.345162 -1.200336
0.290000 0.360720 -1.208796
0.300000 0.376591 -1.217417
0.310000 0.392789 -1.226210
0.320000 0.409328 -1.235186
0.330000 0.426224 -1.244360
0.340000 0.443496 -1.253746
0.350000 0.461161 -1.263358
0.360000 0.479241 -1.273213
0.370000 0.497756 -1.283329
0.380000 0.516731 -1.293726
0.390000 0.536190 -1.304425
0.400000 0.556163 -1.315449
0.410000 0.576679 -1.326824
0.420000 0.597772 -1.338577
0.430000 0.619477 -1.350738
0.440000 0.641835 -1.363343
0.450000 0.664890 -1.376426
0.460000 0.688689 -1.390030
0.470000 0.713285 -1.404199
0.480000 0.738739 -1.418984
0.490000 0.765114 -1.434442
0.500000 0.792485 -1.450634
0.510000 0.820933 -1.467632
0.520000 0.850549 -1.485514
0.530000 0.881437 -1.504372
0.540000 0.913715 -1.524307
0.550000 0.947515 -1.545436
0.560000 0.982989 -1.567892
0.570000 1.020314 -1.591831
0.580000 1.059690 -1.617431
0.590000 1.101353 -1.644902
0.600000 1.145579 -1.674488
0.610000 1.192692 -1.706482
0.620000 1.243080 -1.741230
0.630000 1.297206 -1.779153
0.640000 1.355635 -1.820760
0.650000 1.419058 -1.866680
0.660000 1.488335 -1.917698
0.670000 1.564551 -1.974809
0.680000 1.649097 -2.039292
0.690000 1.743794 -2.112830
0.700000 1.851080 -2.197680
0.710000 1.974306 -2.296963
0.720000 2.118230 -2.415127
0.730000 2.289893 -2.558776
0.740000 2.500243 -2.738224
0.750000 2.767473 -2.970678
0.760000 3.124656 -3.287550
0.770000 3.640298 -3.754171
0.780000 4.489353 -4.538097
0.790000 6.343269 -6.285265
0.800000 19.776324 -19.220401


0.000000 0.000000 1.000000
0.010000 -0.010065 1.006510
0.020000 -0.020264 1.013043
0.030000 -0.030597 1.019600
0.040000 -0.041069 1.026182
0.050000 -0.051683 1.032793
0.060000 -0.062441 1.039435
0.070000 -0.073348 1.046110
0.080000 -0.084406 1.052820
0.090000 -0.095620 1.059569
0.100000 -0.106993 1.066359
0.110000 -0.118530 1.073194
0.120000 -0.130235 1.080077
0.130000 -0.142113 1.087010
0.140000 -0.154168 1.093999
0.150000 -0.166407 1.101046
0.160000 -0.178834 1.108157
0.170000 -0.191455 1.115335
0.180000 -0.204276 1.122585
0.190000 -0.217304 1.129912
0.200000 -0.230546 1.137321
0.210000 -0.244010 1.144819
0.220000 -0.257701 1.152411
0.230000 -0.271631 1.160103
0.240000 -0.285806 1.167904
0.250000 -0.300236 1.175819
0.260000 -0.314931 1.183857
0.270000 -0.329903 1.192026
0.280000 -0.345162 1.200336
0.290000 -0.360720 1.208796
0.300000 -0.376591 1.217417
0.310000 -0.392789 1.226210
0.320000 -0.409328 1.235186
0.330000 -0.426224 1.244360
0.340000 -0.443496 1.253746
0.350000 -0.461161 1.263358
0.360000 -0.479241 1.273213
0.370000 -0.497756 1.283329
0.380000 -0.516731 1.293726
0.390000 -0.536190 1.304425
0.400000 -0.556163 1.315449
0.410000 -0.576679 1.326824
0.420000 -0.597772 1.338577
0.430000 -0.619477 1.350738
0.440000 -0.641835 1.363343
0.450000 -0.664890 1.376426
0.460000 -0.688689 1.390030
0.470000 -0.713285 1.404199
0.480000 -0.738739 1.418984
0.490000 -0.765114 1.434442
0.500000 -0.792485 1.450634
0.510000 -0.820933 1.467632
0.520000 -0.850549 1.485514
0.530000 -0.881437 1.504372
0.540000 -0.913715 1.524307
0.550000 -0.947515 1.545436
0.560000 -0.982989 1.567892
0.570000 -1.020314 1.591831
0.580000 -1.059690 1.617431
0.590000 -1.101353 1.644902
0.600000 -1.145579 1.674488
0.610000 -1.192692 1.706482
0.620000 -1.243080 1.741230
0.630000 -1.297206 1.779153
0.640000 -1.355635 1.820760
0.650000 -1.419058 1.866680
0.660000 -1.488335 1.917698
0.670000 -1.564551 1.974809
0.680000 -1.649097 2.039292
0.690000 -1.743794 2.112830
0.700000 -1.851080 2.197680
0.710000 -1.974306 2.296963
0.720000 -2.118230 2.415127
0.730000 -2.289893 2.558776
0.740000 -2.500243 2.738224
0.750000 -2.767473 2.970678
0.760000 -3.124656 3.287550
0.770000 -3.640298 3.754171
0.780000 -4.489353 4.538097
0.790000 -6.343269 6.285265
0.800000 -19.776324 19.220401


0.000000 0.000000 2.000000
0.010000 -0.020508 2.050749
0.020000 -0.042112 2.105311
0.030000 -0.064946 2.164233
0.040000 -0.089174 2.228172
0.050000 -0.114993 2.297934
0.060000 -0.142642 2.374515
0.070000 -0.172423 2.459161
0.080000 -0.204714 2.553461
0.090000 -0.240001 2.659473
0.100000 -0.278923 2.779922
0.110000 -0.322336 2.918501
0.120000 -0.371429 3.080369
0.130000 -0.427901 3.272986
0.140000 -0.494303 3.507635
0.150000 -0.574671 3.802365
0.160000 -0.675903 4.188287
0.170000 -0.811067 4.724939
0.180000 -1.009129 5.545612
0.190000 -1.354042 7.040675
0.200000 -2.292736 11.312126


0.000000 1.000000 -2.000000
0.010000 1.052541 -2.053485
0.020000 1.109612 -2.112518
0.030000 1.172017 -2.178135
0.040000 1.240774 -2.251661
0.050000 1.317202 -2.334813
0.060000 1.403047 -2.429874
0.070000 1.500671 -2.539949
0.080000 1.613376 -2.669391
0.090000 1.745939 -2.824526
0.100000 1.905592 -3.014974
0.110000 2.103936 -3.256228
0.120000 2.361069 -3.575242
0.130000 2.715764 -4.024242
0.140000 3.256134 -4.722430
0.150000 4.248328 -6.031494
0.160000 7.269935 -10.105983


0.000000 1.000000 -1.000000
0.010000 1.022809 -1.002555
0.020000 1.046264 -1.005229
0.030000 1.070405 -1.008034
0.040000 1.095280 -1.010985
0.050000 1.120939 -1.014098
0.060000 1.147438 -1.017392
0.070000 1.174837 -1.020885
0.080000 1.203206 -1.024600
0.090000 1.232619 -1.028561
0.100000 1.263161 -1.032797
0.110000 1.294925 -1.037337
0.120000 1.328017 -1.042216
0.130000 1.362555 -1.047474
0.140000 1.398672 -1.053156
0.150000 1.436521 -1.059313
0.160000 1.476273 -1.066002
0.170000 1.518127 -1.073292
0.180000 1.562311 -1.081261
0.190000 1.609088 -1.090000
0.200000 1.658766 -1.099614
0.210000 1.711707 -1.110232
0.220000 1.768338 -1.122002
0.230000 1.829170 -1.135105
0.240000 1.894818 -1.149759
0.250000 1.966030 -1.166232
0.260000 2.043729 -1.184856
0.270000 2.129066 -1.206046
0.280000 2.223499 -1.230334
0.290000 2.328912 -1.258409
0.300000 2.447779 -1.291183
0.310000 2.583438 -1.329891
0.320000 2.740510 -1.376257
0.330000 2.925625 -1.432767
0.340000 3.148693 -1.503161
0.350000 3.425353 -1.593375
0.360000 3.782074 -1.713518
0.370000 4.268225 -1.882562
0.380000 4.990075 -2.141598
0.390000 6.237653 -2.603481
0.400000 9.309943 -3.777081


0.000000 1.000000 0.000000
0.010000 1.006510 0.010065
0.020000 1.013043 0.020264
0.030000 1.019600 0.030597
0.040000 1.026182 0.041069
0.050000 1.032793 0.051683
0.060000 1.039435 0.062441
0.070000 1.046110 0.073348
0.080000 1.052820 0.084406
0.090000 1.059569 0.095620
0.100000 1.066359 0.106993
0.110000 1.073194 0.118530
0.120000 1.080077 0.130235
0.130000 1.087010 0.142113
0.140000 1.093999 0.154168
0.150000 1.101046 0.166407
0.160000 1.108157 0.178834
0.170000 1.115335 0.191455
0.180000 1.122585 0.204276
0.190000 1.129912 0.217304
0.200000 1.137321 0.230546
0.210000 1.144819 0.244010
0.220000 1.152411 0.257701
0.230000 1.160103 0.271631
0.240000 1.167904 0.285806
0.250000 1.175819 0.300236
0.260000 1.183857 0.314931
0.270000 1.192026 0.329903
0.280000 1.200336 0.345162
0.290000 1.208796 0.360720
0.300000 1.217417 0.376591
0.310000 1.226210 0.392789
0.320000 1.235186 0.409328
0.330000 1.244360 0.426224
0.340000 1.253746 0.443496
0.350000 1.263358 0.461161
0.360000 1.273213 0.479241
0.370000 1.283329 0.497756
0.380000 1.293726 0.516731
0.390000 1.304425 0.536190
0.400000 1.315449 0.556163
0.410000 1.326824 0.576679
0.420000 1.338577 0.597772
0.430000 1.350738 0.619477
0.440000 1.363343 0.641835
0.450000 1.376426 0.664890
0.460000 1.390030 0.688689
0.470000 1.404199 0.713285
0.480000 1.418984 0.738739
0.490000 1.434442 0.765114
0.500000 1.450634 0.792485
0.510000 1.467632 0.820933
0.520000 1.485514 0.850549
0.530000 1.504372 0.881437
0.540000 1.524307 0.913715
0.550000 1.545436 0.947515
0.560000 1.567892 0.982989
0.570000 1.591831 1.020314
0.580000 1.617431 1.059690
0.590000 1.644902 1.101353
0.600000 1.674488 1.145579
0.610000 1.706482 1.192692
0.620000 1.741230 1.243080
0.630000 1.779153 1.297206
0.640000 1.820760 1.355635
0.650000 1.866680 1.419058
0.660000 1.917698 1.488335
0.670000 1.974809 1.564551
0.680000 2.039292 1.649097
0.690000 2.112830 1.743794
0.700000 2.197680 1.851080
0.710000 2.296963 1.974306
0.720000 2.415127 2.118230
0.730000 2.558776 2.289893
0.740000 2.738224 2.500243
0.750000 2.970678 2.767473
0.760000 3.287550 3.124656
0.770000 3.754171 3.640298
0.780000 4.538097 4.489353
0.790000 6.285265 6.343269
0.800000 19.220401 19.776324


0.000000 1.000000 1.000000
0.010000 1.002555 1.022809
0.020000 1.005229 1.046264
0.030000 1.008034 1.070405
0.040000 1.010985 1.095280
0.050000 1.014098 1.120939
0.060000 1.017392 1.147438
0.070000 1.020885 1.174837
0.080000 1.024600 1.203206
0.090000 1.028561 1.232619
0.100000 1.032797 1.263161
0.110000 1.037337 1.294925
0.120000 1.042216 1.328017
0.130000 1.047474 1.362555
0.140000 1.053156 1.398672
0.150000 1.059313 1.436521
0.160000 1.066002 1.476273
0.170000 1.073292 1.518127
0.180000 1.081261 1.562311
0.190000 1.090000 1.609088
0.200000 1.099614 1.658766
0.210000 1.110232 1.711707
0.220000 1.122002 1.768338
0.230000 1.135105 1.829170
0.240000 1.149759 1.894818
0.250000 1.166232 1.966030
0.260000 1.184856 2.043729
0.270000 1.206046 2.129066
0.280000 1.230334 2.223499
0.290000 1.258409 2.328912
0.300000 1.291183 2.447779
0.310000 1.329891 2.583438
0.320000 1.376257 2.740510
0.330000 1.432767 2.925625
0.340000 1.503161 3.148693
0.350000 1.593375 3.425353
0.360000 1.713518 3.782074
0.370000 1.882562 4.268225
0.380000 2.141598 4.990075
0.390000 2.603481 6.237653
0.400000 3.777081 9.309943


0.000000 1.000000 2.000000
0.010000 1.011263 2.074123
0.020000 1.024247 2.155200
0.030000 1.039298 2.244495
0.040000 1.056864 2.343615
0.050000 1.077529 2.454649
0.060000 1.102071 2.580362
0.070000 1.131556 2.724506
0.080000 1.167487 2.892336
0.090000 1.212057 3.091467
0.100000 1.268624 3.333457
0.110000 1.342621 3.636885
0.120000 1.443552 4.034000
0.130000 1.589935 4.587156
0.140000 1.824263 5.438365
0.150000 2.276198 7.017559
0.160000 3.722825 11.879537


0.000000 2.000000 -2.000000
0.010000 2.125564 -2.083473
0.020000 2.271562 -2.182470
0.030000 2.444662 -2.302213
0.040000 2.655058 -2.450718
0.050000 2.919306 -2.641056
0.060000 3.266560 -2.896342
0.070000 3.754407 -3.262427
0.080000 4.518676 -3.847923
0.090000 6.000054 -5.006801
0.100000 11.487432 -9.393910


0.000000 2.000000 -1.000000
0.010000 2.074123 -1.011263
0.020000 2.155200 -1.024247
0.030000 2.244495 -1.039298
0.040000 2.343615 -1.056864
0.050000 2.454649 -1.077529
0.060000 2.580362 -1.102071
0.070000 2.724506 -1.131556
0.080000 2.892336 -1.167487
0.090000 3.091467 -1.212057
0.100000 3.333457 -1.268624
0.110000 3.636885 -1.342621
0.120000 4.034000 -1.443552
0.130000 4.587156 -1.589935
0.140000 5.438365 -1.824263
0.150000 7.017559 -2.276198
0.160000 11.879537 -3.722825


0.000000 2.000000 0.000000
0.010000 2.050749 0.020508
0.020000 2.105311 0.042112
0.030000 2.164233 0.064946
0.040000 2.228172 0.089174
0.050000 2.297934 0.114993
0.060000 2.374515 0.142642
0.070000 2.459161 0.172423
0.080000 2.553461 0.204714
0.090000 2.659473 0.240001
0.100000 2.779922 0.278923
0.110000 2.918501 0.322336
0.120000 3.080369 0.371429
0.130000 3.272986 0.427901
0.140000 3.507635 0.494303
0.150000 3.802365 0.574671
0.160000 4.188287 0.675903
0.170000 4.724939 0.811067
0.180000 5.545612 1.009129
0.190000 7.040675 1.354042
0.200000 11.312126 2.292736


0.000000 2.000000 1.000000
0.010000 2.053485 1.052541
0.020000 2.112518 1.109612
0.030000 2.178135 1.172017
0.040000 2.251661 1.240774
0.050000 2.334813 1.317202
0.060000 2.429874 1.403047
0.070000 2.539949 1.500671
0.080000 2.669391 1.613376
0.090000 2.824526 1.745939
0.100000 3.014974 1.905592
0.110000 3.256228 2.103936
0.120000 3.575242 2.361069
0.130000 4.024242 2.715764
0.140000 4.722430 3.256134
0.150000 6.031494 4.248328
0.160000 10.105983 7.269935


0.000000 2.000000 2.000000
0.010000 2.083473 2.125564
0.020000 2.182470 2.271562
0.030000 2.302213 2.444662
0.040000 2.450718 2.655058
0.050000 2.641056 2.919306
0.060000 2.896342 3.266560
0.070000 3.262427 3.754407
0.080000 3.847923 4.518676
0.090000 5.006801 6.000054
0.100000 9.393910 11.487432


0.000000 0.100000 0.100000
0.010000 0.099056 0.101058
0.020000 0.098102 0.102106
0.030000 0.097136 0.103146
0.040000 0.096159 0.104177
0.050000 0.095172 0.105199
0.060000 0.094174 0.106211
0.070000 0.093165 0.107214
0.080000 0.092145 0.108208
0.090000 0.091115 0.109191
0.100000 0.090074 0.110165
0.110000 0.089024 0.111130
0.120000 0.087963 0.112084
0.130000 0.086891 0.113028
0.140000 0.085810 0.113962
0.150000 0.084719 0.114886
0.160000 0.083618 0.115800
0.170000 0.082507 0.116703
0.180000 0.081387 0.117595
0.190000 0.080257 0.118477
0.200000 0.079117 0.119348
0.210000 0.077968 0.120208
0.220000 0.076810 0.121057
0.230000 0.075643 0.121895
0.240000 0.074467 0.122722
0.250000 0.073281 0.123537
0.260000 0.072087 0.124342
0.270000 0.070885 0.125134
0.280000 0.069673 0.125915
0.290000 0.068453 0.126685
0.300000 0.067225 0.127443
0.310000 0.065988 0.128189
0.320000 0.064744 0.128923
0.330000 0.063491 0.129645
0.340000 0.062230 0.130354
0.350000 0.060962 0.131052
0.360000 0.059685 0.131738
0.370000 0.058402 0.132411
0.380000 0.057110 0.133071
0.390000 0.055812 0.133719
0.400000 0.054506 0.134355
0.410000 0.053193 0.134978
0.420000 0.051873 0.135588
0.430000 0.050546 0.136185
0.440000 0.049213 0.136769
0.450000 0.047873 0.137341
0.460000 0.046526 0.137899
0.470000 0.045173 0.138444
0.480000 0.043814 0.138976
0.490000 0.042448 0.139495
0.500000 0.041077 0.140000
0.510000 0.039700 0.140492
0.520000 0.038317 0.140971
0.530000 0.036929 0.141435
0.540000 0.035535 0.141887
0.550000 0.034136 0.142324
0.560000 0.032731 0.142748
0.570000 0.031322 0.143159
0.580000 0.029908 0.143555
0.590000 0.028489 0.143937
0.600000 0.027065 0.144306
0.610000 0.025637 0.144660
0.620000 0.024204 0.145001
0.630000 0.022767 0.145327
0.640000 0.021326 0.145639
0.650000 0.019881 0.145937
0.660000 0.018432 0.146220
0.670000 0.016980 0.146490
0.680000 0.015524 0.146745
0.690000 0.014065 0.146985
0.700000 0.012602 0.147212
0.710000 0.011137 0.147423
0.720000 0.009668 0.147620
0.730000 0.008196 0.147803
0.740000 0.006722 0.147971
0.750000 0.005246 0.148124
0.760000 0.003766 0.148263
0.770000 0.002285 0.148387
0.780000 0.000802 0.148496
0.790000 -0.000684 0.148591
0.800000 -0.002171 0.148671
0.810000 -0.003660 0.148735
0.820000 -0.005150 0.148786
0.830000 -0.006642 0.148821
0.840000 -0.008135 0.148841
0.850000 -0.009629 0.148847
0.860000 -0.011124 0.148837
0.870000 -0.012620 0.148813
0.880000 -0.014116 0.148773
0.890000 -0.015613 0.148719
0.900000 -0.017111 0.148650
0.910000 -0.018608 0.148565
0.920000 -0.020105 0.148466
0.930000 -0.021603 0.148352
0.940000 -0.023100 0.148222
0.950000 -0.024596 0.148078
0.960000 -0.026093 0.147919
0.970000 -0.027588 0.147744
0.980000 -0.029082 0.147555
0.990000 -0.030576 0.147350
1.000000 -0.032068 0.147131
1.010000 -0.033559 0.146896
1.020000 -0.035049 0.146646
1.030000 -0.036537 0.146382
1.040000 -0.038023 0.146102
1.050000 -0.039507 0.145807
1.060000 -0.040989 0.145498
1.070000 -0.042469 0.145173
1.080000 -0.043947 0.144833
1.090000 -0.045422 0.144479
1.100000 -0.046894 0.144109
1.110000 -0.048364 0.143724
1.120000 -0.049831 0.143325
1.130000 -0.051294 0.142911
1.140000 -0.052754 0.142482
1.150000 -0.054211 0.142038
1.160000 -0.055664 0.141579
1.170000 -0.057114 0.141105
1.180000 -0.058559 0.140617
1.190000 -0.060001 0.140114
1.200000 -0.061438 0.139596
1.210000 -0.062871 0.139064
1.220000 -0.064300 0.138517
1.230000 -0.065724 0.137955
1.240000 -0.067143 0.137379
1.250000 -0.068557 0.136788
1.260000 -0.069967 0.136183
1.270000 -0.071371 0.135563
1.280000 -0.072769 0.134929
1.290000 -0.074162 0.134281
1.300000 -0.075550 0.133618
1.310000 -0.076932 0.132941
1.320000 -0.078307 0.132250
1.330000 -0.079677 0.131545
1.340000 -0.081041 0.130826
1.350000 -0.082398 0.130092
1.360000 -0.083748 0.129345
1.370000 -0.085092 0.128583
1.380000 -0.086429 0.127808
1.390000 -0.087759 0.127019
1.400000 -0.089082 0.126216
1.410000 -0.090398 0.125400
1.420000 -0.091707 0.124570
1.430000 -0.093008 0.123726
1.440000 -0.094301 0.122869
1.450000 -0.095586 0.121998
1.460000 -0.096864 0.121114
1.470000 -0.098133 0.120217
1.480000 -0.099395 0.119307
1.490000 -0.100648 0.118383
1.500000 -0.101892 0.117446
1.510000 -0.103128 0.116497
1.520000 -0.104355 0.115534
1.530000 -0.105573 0.114559
1.540000 -0.106783 0.113571
1.550000 -0.107983 0.112570
1.560000 -0.109173 0.111557
1.570000 -0.110355 0.110531
1.580000 -0.111527 0.109492
1.590000 -0.112689 0.108442
1.600000 -0.113841 0.107379
1.610000 -0.114984 0.106304
1.620000 -0.116116 0.105217
1.630000 -0.117238 0.104118
1.640000 -0.118350 0.103007
1.650000 -0.119452 0.101884
1.660000 -0.120543 0.100750
1.670000 -0.121623 0.099604
1.680000 -0.122692 0.098447
1.690000 -0.123751 0.097278
1.700000 -0.124798 0.096098
1.710000 -0.125835 0.094907
1.720000 -0.126860 0.093704
1.730000 -0.127874 0.092491
1.740000 -0.128876 0.091267
1.750000 -0.129866 0.090032
1.760000 -0.130845 0.088787
1.770000 -0.131812 0.087531
1.780000 -0.132767 0.086264
1.790000 -0.133710 0.084988
1.800000 -0.134641 0.083701
1.810000 -0.135559 0.082404
1.820000 -0.136465 0.081097
1.830000 -0.137359 0.079780
1.840000 -0.138240 0.078454
1.850000 -0.139108 0.077118
1.860000 -0.139964 0.075772
1.870000 -0.140806 0.074417
1.880000 -0.141636 0.073053
1.890000 -0.142452 0.071680
1.900000 -0.143255 0.070298
1.910000 -0.144045 0.068907
1.920000 -0.144821 0.067507
1.930000 -0.145584 0.066099
1.940000 -0.146333 0.064682
1.950000 -0.147069 0.063256
1.960000 -0.147791 0.061823
1.970000 -0.148499 0.060382
1.980000 -0.149193 0.058932
1.990000 -0.149873 0.057475
2.000000 -0.150538 0.056010
2.010000 -0.151190 0.054538
2.020000 -0.151827 0.053058
2.030000 -0.152450 0.051571
2.040000 -0.153058 0.050076
2.050000 -0.153652 0.048575
2.060000 -0.154231 0.047067
2.070000 -0.154796 0.045552
2.080000 -0.155346 0.044031
2.090000 -0.155880 0.042503
2.100000 -0.156400 0.040969
2.110000 -0.156905 0.039429
2.120000 -0.157395 0.037883
2.130000 -0.157870 0.036331
2.140000 -0.158329 0.034773
2.150000 -0.158773 0.033210
2.160000 -0.159202 0.031642
2.170000 -0.159616 0.030068
2.180000 -0.160014 0.028489
2.190000 -0.160396 0.026905
2.200000 -0.160763 0.025317
2.210000 -0.161114 0.023723
2.220000 -0.161450 0.022126
2.230000 -0.161770 0.020524
2.240000 -0.162074 0.018917
2.250000 -0.162362 0.017307
2.260000 -0.162634 0.015693
2.270000 -0.162891 0.014075
2.280000 -0.163131 0.012454
2.290000 -0.163355 0.010829
2.300000 -0.163563 0.009201
2.310000 -0.163755 0.007570
2.320000 -0.163931 0.005936
2.330000 -0.164091 0.004299
2.340000 -0.164234 0.002660
2.350000 -0.164362 0.001018
2.360000 -0.164472 -0.000626
2.370000 -0.164567 -0.002272
2.380000 -0.164645 -0.003920
2.390000 -0.164707 -0.005570
2.400000 -0.164752 -0.007222
2.410000 -0.164781 -0.008875
2.420000 -0.164793 -0.010529
2.430000 -0.164789 -0.012184
2.440000 -0.164768 -0.013841
2.450000 -0.164731 -0.015498
2.460000 -0.164677 -0.017156
2.470000 -0.164607 -0.018814
2.480000 -0.164520 -0.020473
2.490000 -0.164416 -0.022132
2.500000 -0.164296 -0.023791
2.510000 -0.164159 -0.025450
2.520000 -0.164005 -0.027108
2.530000 -0.163835 -0.028766
2.540000 -0.163648 -0.030423
2.550000 -0.163445 -0.032079
2.560000 -0.163224 -0.033734
2.570000 -0.162988 -0.035389
2.580000 -0.162734 -0.037041
2.590000 -0.162464 -0.038693
2.600000 -0.162177 -0.040342
2.610000 -0.161874 -0.041990
2.620000 -0.161554 -0.043636
2.630000 -0.161217 -0.045279
2.640000 -0.160863 -0.046920
2.650000 -0.160493 -0.048559
2.660000 -0.160107 -0.050195
2.670000 -0.159704 -0.051828
2.680000 -0.159284 -0.053459
2.690000 -0.158848 -0.055086
2.700000 -0.158395 -0.056709
2.710000 -0.157926 -0.058329
2.720000 -0.157440 -0.059946
2.730000 -0.156938 -0.061559
2.740000 -0.156419 -0.063167
2.750000 -0.155884 -0.064772
2.760000 -0.155333 -0.066372
2.770000 -0.154766 -0.067967
2.780000 -0.154182 -0.069558
2.790000 -0.153582 -0.071144
2.800000 -0.152965 -0.072725
2.810000 -0.152333 -0.074301
2.820000 -0.151684 -0.075872
2.830000 -0.151019 -0.077437
2.840000 -0.150338 -0.078996
2.850000 -0.149642 -0.080550
2.860000 -0.148929 -0.082098
2.870000 -0.148200 -0.083639
2.880000 -0.147456 -0.085174
2.890000 -0.146696 -0.086703
2.900000 -0.145920 -0.088225
2.910000 -0.145128 -0.089740
2.920000 -0.144321 -0.091249
2.930000 -0.143498 -0.092750
2.940000 -0.142660 -0.094244
2.950000 -0.141806 -0.095730
2.960000 -0.140937 -0.097209
2.970000 -0.140052 -0.098680
2.980000 -0.139152 -0.100144
2.990000 -0.138237 -0.101599
3.000000 -0.137307 -0.103046
3.010000 -0.136362 -0.104485
3.020000 -0.135402 -0.105915
3.030000 -0.134428 -0.107336
3.040000 -0.133438 -0.108749
3.050000 -0.132434 -0.110152
3.060000 -0.131415 -0.111547
3.070000 -0.130381 -0.112932
3.080000 -0.129333 -0.114307
3.090000 -0.128270 -0.115673
3.100000 -0.127194 -0.117030
3.110000 -0.126103 -0.118376
3.120000 -0.124997 -0.119713
3.130000 -0.123878 -0.121039
3.140000 -0.122745 -0.122355
3.150000 -0.121598 -0.123660
3.160000 -0.120438 -0.124955
3.170000 -0.119263 -0.126239
3.180000 -0.118075 -0.127512
3.190000 -0.116874 -0.128774
3.200000 -0.115659 -0.130025
3.210000 -0.114431 -0.131265
3.220000 -0.113190 -0.132493
3.230000 -0.111936 -0.133709
3.240000 -0.110668 -0.134914
3.250000 -0.109388 -0.136107
3.260000 -0.108096 -0.137288
3.270000 -0.106790 -0.138456
3.280000 -0.105473 -0.139613
3.290000 -0.104142 -0.140756
3.300000 -0.102800 -0.141888
3.310000 -0.101445 -0.143007
3.320000 -0.100079 -0.144113
3.330000 -0.098700 -0.145205
3.340000 -0.097310 -0.146285
3.350000 -0.095908 -0.147352
3.360000 -0.094494 -0.148406
3.370000 -0.093069 -0.149445
3.380000 -0.091633 -0.150472
3.390000 -0.090186 -0.151485
3.400000 -0.088727 -0.152484
3.410000 -0.087258 -0.153469
3.420000 -0.085778 -0.154440
3.430000 -0.084287 -0.155396
3.440000 -0.082786 -0.156339
3.450000 -0.081274 -0.157267
3.460000 -0.079753 -0.158181
3.470000 -0.078221 -0.159080
3.480000 -0.076679 -0.159964
3.490000 -0.075127 -0.160834
3.500000 -0.073566 -0.161688
3.510000 -0.071995 -0.162528
3.520000 -0.070414 -0.163352
3.530000 -0.068825 -0.164162
3.540000 -0.067226 -0.164955
3.550000 -0.065619 -0.165734
3.560000 -0.064002 -0.166497
3.570000 -0.062377 -0.167244
3.580000 -0.060744 -0.167975
3.590000 -0.059102 -0.168691
3.600000 -0.057452 -0.169391
3.610000 -0.055793 -0.170074
3.620000 -0.054127 -0.170742
3.630000 -0.052454 -0.171393
3.640000 -0.050772 -0.172029
3.650000 -0.049083 -0.172647
3.660000 -0.047387 -0.173250
3.670000 -0.045684 -0.173835
3.680000 -0.043974 -0.174405
3.690000 -0.042257 -0.174957
3.700000 -0.040534 -0.175493
3.710000 -0.038804 -0.176011
3.720000 -0.037068 -0.176513
3.730000 -0.035325 -0.176998
3.740000 -0.033577 -0.177466
3.750000 -0.031823 -0.177917
3.760000 -0.030063 -0.178350
3.770000 -0.028298 -0.178766
3.780000 -0.026527 -0.179165
3.790000 -0.024751 -0.179546
3.800000 -0.022971 -0.179910
3.810000 -0.021185 -0.180257
3.820000 -0.019395 -0.180586
3.830000 -0.017601 -0.180897
3.840000 -0.015802 -0.181190
3.850000 -0.013999 -0.181466
3.860000 -0.012192 -0.181724
3.870000 -0.010382 -0.181964
3.880000 -0.008567 -0.182186
3.890000 -0.006750 -0.182390
3.900000 -0.004929 -0.182576
3.910000 -0.003105 -0.182744
3.920000 -0.001279 -0.182894
3.930000 0.000551 -0.183026
3.940000 0.002383 -0.183140
3.950000 0.004217 -0.183235
3.960000 0.006053 -0.183313
3.970000 0.007892 -0.183371
3.980000 0.009732 -0.183412
3.990000 0.011573 -0.183435
4.000000 0.013417 -0.183438
4.010000 0.015261 -0.183424
4.020000 0.017106 -0.183391
4.030000 0.018953 -0.183340
4.040000 0.020800 -0.183270
4.050000 0.022647 -0.183182
4.060000 0.024495 -0.183075
4.070000 0.026343 -0.182950
4.080000 0.028191 -0.182806
4.090000 0.030039 -0.182644
4.100000 0.031887 -0.182463
4.110000 0.033733 -0.182264
4.120000 0.035579 -0.182046
4.130000 0.037425 -0.181810
4.140000 0.039269 -0.181555
4.150000 0.041111 -0.181281
4.160000 0.042952 -0.180989
4.170000 0.044792 -0.180678
4.180000 0.046629 -0.180349
4.190000 0.048465 -0.180001
4.200000 0.050298 -0.179635
4.210000 0.052129 -0.179250
4.220000 0.053957 -0.178846
4.230000 0.055782 -0.178424
4.240000 0.057604 -0.177984
4.250000 0.059423 -0.177525
4.260000 0.061239 -0.177048
4.270000 0.063051 -0.176552
4.280000 0.064860 -0.176038
4.290000 0.066664 -0.175505
4.300000 0.068465 -0.174954
4.310000 0.070261 -0.174385
4.320000 0.072052 -0.173797
4.330000 0.073839 -0.173191
4.340000 0.075621 -0.172567
4.350000 0.077398 -0.171925
4.360000 0.079170 -0.171265
4.370000 0.080937 -0.170586
4.380000 0.082697 -0.169889
4.390000 0.084452 -0.169175
4.400000 0.086202 -0.168442
4.410000 0.087944 -0.167692
4.420000 0.089681 -0.166923
4.430000 0.091411 -0.166137
4.440000 0.093135 -0.165333
4.450000 0.094851 -0.164511
4.460000 0.096561 -0.163671
4.470000 0.098263 -0.162814
4.480000 0.099958 -0.161940
4.490000 0.101645 -0.161048
4.500000 0.103325 -0.160138
4.510000 0.104996 -0.159211
4.520000 0.106660 -0.158267
4.530000 0.108315 -0.157305
4.540000 0.109961 -0.156327
4.550000 0.111599 -0.155331
4.560000 0.113228 -0.154318
4.570000 0.114849 -0.153289
4.580000 0.116460 -0.152242
4.590000 0.118061 -0.151179
4.600000 0.119653 -0.150099
4.610000 0.121236 -0.149002
4.620000 0.122808 -0.147889
4.630000 0.124371 -0.146759
4.640000 0.125923 -0.145614
4.650000 0.127465 -0.144451
4.660000 0.128996 -0.143273
4.670000 0.130517 -0.142079
4.680000 0.132026 -0.140868
4.690000 0.133525 -0.139642
4.700000 0.135013 -0.138400
4.710000 0.136489 -0.137142
4.720000 0.137953 -0.135869
4.730000 0.139406 -0.134580
4.740000 0.140847 -0.133276
4.750000 0.142276 -0.131957
4.760000 0.143693 -0.130622
4.770000 0.145097 -0.129273
4.780000 0.146489 -0.127908
4.790000 0.147868 -0.126529
4.800000 0.149234 -0.125135
4.810000 0.150588 -0.123726
4.820000 0.151928 -0.122303
4.830000 0.153255 -0.120866
4.840000 0.154569 -0.119414
4.850000 0.155869 -0.117949
4.860000 0.157155 -0.116469
4.870000 0.158427 -0.114976
4.880000 0.159686 -0.113468
4.890000 0.160930 -0.111948
4.900000 0.162160 -0.110414
4.910000 0.163375 -0.108866
4.920000 0.164576 -0.107305
4.930000 0.165762 -0.105732
4.940000 0.166933 -0.104145
4.950000 0.168089 -0.102545
4.960000 0.169230 -0.100933
4.970000 0.170356 -0.099309
4.980000 0.171466 -0.097672
4.990000 0.172561 -0.096023
5.000000 0.173640 -0.094362
5.010000 0.174703 -0.092689
5.020000 0.175751 -0.091004
5.030000 0.176782 -0.089307
5.040000 0.177797 -0.087600
5.050000 0.178795 -0.085881
5.060000 0.179777 -0.084150
5.070000 0.180743 -0.082409
5.080000 0.181692 -0.080657
5.090000 0.182624 -0.078894
5.100000 0.183539 -0.077121
5.110000 0.184437 -0.075337
5.120000 0.185318 -0.073543
5.130000 0.186182 -0.071739
5.140000 0.187028 -0.069926
5.150000 0.187857 -0.068102
5.160000 0.188668 -0.066269
5.170000 0.189461 -0.064427
5.180000 0.190237 -0.062576
5.190000 0.190995 -0.060715
5.200000 0.191734 -0.058846
5.210000 0.192456 -0.056968
5.220000 0.193159 -0.055081
5.230000 0.193844 -0.053186
5.240000 0.194511 -0.051283
5.250000 0.195159 -0.049372
5.260000 0.195788 -0.047454
5.270000 0.196399 -0.045527
5.280000 0.196991 -0.043593
5.290000 0.197564 -0.041652
5.300000 0.198118 -0.039704
5.310000 0.198653 -0.037749
5.320000 0.199169 -0.035788
5.330000 0.199666 -0.033819
5.340000 0.200143 -0.031845
5.350000 0.200601 -0.029864
5.360000 0.201040 -0.027877
5.370000 0.201459 -0.025885
5.380000 0.201859 -0.023887
5.390000 0.202239 -0.021884
5.400000 0.202599 -0.019875
5.410000 0.202940 -0.017861
5.420000 0.203261 -0.015843
5.430000 0.203561 -0.013820
5.440000 0.203842 -0.011793
5.450000 0.204103 -0.009761
5.460000 0.204344 -0.007725
5.470000 0.204564 -0.005686
5.480000 0.204765 -0.003643
5.490000 0.204945 -0.001596
5.500000 0.205105 0.000454
5.510000 0.205245 0.002507
5.520000 0.205364 0.004562
5.530000 0.205463 0.006621
5.540000 0.205541 0.008682
5.550000 0.205599 0.010745
5.560000 0.205636 0.012810
5.570000 0.205653 0.014877
5.580000 0.205649 0.016945
5.590000 0.205625 0.019015
5.600000 0.205580 0.021086
5.610000 0.205514 0.023159
5.620000 0.205428 0.025232
5.630000 0.205321 0.027305
5.640000 0.205193 0.029379
5.650000 0.205044 0.031454
5.660000 0.204874 0.033528
5.670000 0.204684 0.035602
5.680000 0.204473 0.037676
5.690000 0.204241 0.039749
5.700000 0.203989 0.041821
5.710000 0.203715 0.043892
5.720000 0.203421 0.045962
5.730000 0.203105 0.048030
5.740000 0.202769 0.050097
5.750000 0.202412 0.052162
5.760000 0.202035 0.054225
5.770000 0.201636 0.056285
5.780000 0.201217 0.058343
5.790000 0.200776 0.060398
5.800000 0.200315 0.062451
5.810000 0.199833 0.064500
5.820000 0.199331 0.066546
5.830000 0.198807 0.068588
5.840000 0.198263 0.070627
5.850000 0.197699 0.072662
5.860000 0.197113 0.074692
5.870000 0.196507 0.076718
5.880000 0.195880 0.078740
5.890000 0.195233 0.080757
5.900000 0.194565 0.082769
5.910000 0.193876 0.084775
5.920000 0.193167 0.086776
5.930000 0.192438 0.088772
5.940000 0.191688 0.090762
5.950000 0.190918 0.092745
5.960000 0.190127 0.094723
5.970000 0.189317 0.096694
5.980000 0.188485 0.098658
5.990000 0.187634 0.100616
6.000000 0.186763 0.102566
6.010000 0.185871 0.104509
6.020000 0.184960 0.106445
6.030000 0.184029 0.108373
6.040000 0.183077 0.110293
6.050000 0.182106 0.112205
6.060000 0.181115 0.114109
6.070000 0.180105 0.116005
6.080000 0.179075 0.117891
6.090000 0.178025 0.119769
6.100000 0.176956 0.121638
6.110000 0.175867 0.123497
6.120000 0.174759 0.125347
6.130000 0.173632 0.127187
6.140000 0.172485 0.129017
6.150000 0.171320 0.130837
6.160000 0.170136 0.132647
6.170000 0.168932 0.134447
6.180000 0.167710 0.136236
6.190000 0.166469 0.138013
6.200000 0.165210 0.139780
6.210000 0.163932 0.141536
6.220000 0.162635 0.143280
6.230000 0.161320 0.145013
6.240000 0.159987 0.146733
6.250000 0.158636 0.148442
6.260000 0.157267 0.150139
6.270000 0.155880 0.151823
6.280000 0.154475 0.153494
6.290000 0.153053 0.155153
6.300000 0.151612 0.156799
6.310000 0.150155 0.158431
6.320000 0.148680 0.160051
6.330000 0.147188 0.161657
6.340000 0.145678 0.163249
6.350000 0.144152 0.164827
6.360000 0.142609 0.166392
6.370000 0.141049 0.167942
6.380000 0.139473 0.169477
6.390000 0.137880 0.170998
6.400000 0.136270 0.172505
6.410000 0.134645 0.173996
6.420000 0.133003 0.175473
6.430000 0.131346 0.176934
6.440000 0.129673 0.178380
6.450000 0.127984 0.179810
6.460000 0.126279 0.181224
6.470000 0.124559 0.182623
6.480000 0.122824 0.184005
6.490000 0.121074 0.185371
6.500000 0.119309 0.186721
6.510000 0.117530 0.188054
6.520000 0.115735 0.189370
6.530000 0.113926 0.190670
6.540000 0.112103 0.191952
6.550000 0.110266 0.193218
6.560000 0.108415 0.194466
6.570000 0.106550 0.195696
6.580000 0.104671 0.196909
6.590000 0.102779 0.198104
6.600000 0.100873 0.199281
6.610000 0.098954 0.200440
6.620000 0.097023 0.201581
6.630000 0.095078 0.202703
6.640000 0.093121 0.203807
6.650000 0.091151 0.204892
6.660000 0.089169 0.205958
6.670000 0.087175 0.207006
6.680000 0.085169 0.208034
6.690000 0.083151 0.209043
6.700000 0.081122 0.210033
6.710000 0.079081 0.211003
6.720000 0.077029 0.211954
6.730000 0.074966 0.212885
6.740000 0.072892 0.213797
6.750000 0.070808 0.214688
6.760000 0.068713 0.215559
6.770000 0.066608 0.216410
6.780000 0.064492 0.217241
6.790000 0.062367 0.218051
6.800000 0.060232 0.218841
6.810000 0.058088 0.219610
6.820000 0.055934 0.220358
6.830000 0.053771 0.221085
6.840000 0.051600 0.221792
6.850000 0.049419 0.222477
6.860000 0.047231 0.223141
6.870000 0.045033 0.223784
6.880000 0.042828 0.224406
6.890000 0.040615 0.225006
6.900000 0.038394 0.225584
6.910000 0.036166 0.226141
6.920000 0.033930 0.226676
6.930000 0.031688 0.227189
6.940000 0.029438 0.227680
6.950000 0.027182 0.228149
6.960000 0.024920 0.228596
6.970000 0.022651 0.229021
6.980000 0.020377 0.229424
6.990000 0.018096 0.229804
7.000000 0.015810 0.230162
7.010000 0.013519 0.230498
7.020000 0.011222 0.230811
7.030000 0.008921 0.231101
7.040000 0.006615 0.231368
7.050000 0.004305 0.231613
7.060000 0.001990 0.231835
7.070000 -0.000329 0.232034
7.080000 -0.002651 0.232211
7.090000 -0.004977 0.232364
7.100000 -0.007307 0.232494
7.110000 -0.009639 0.232601
7.120000 -0.011974 0.232685
7.130000 -0.014312 0.232746
7.140000 -0.016653 0.232783
7.150000 -0.018996 0.232798
7.160000 -0.021340 0.232789
7.170000 -0.023687 0.232756
7.180000 -0.026035 0.232701
7.190000 -0.028384 0.232622
7.200000 -0.030734 0.232519
7.210000 -0.033085 0.232393
7.220000 -0.035437 0.232243
7.230000 -0.037789 0.232070
7.240000 -0.040141 0.231873
7.250000 -0.042493 0.231653
7.260000 -0.044845 0.231409
7.270000 -0.047196 0.231142
7.280000 -0.049546 0.230851
7.290000 -0.051895 0.230536
7.300000 -0.054243 0.230198
7.310000 -0.056590 0.229836
7.320000 -0.058935 0.229451
7.330000 -0.061278 0.229042
7.340000 -0.063618 0.228609
7.350000 -0.065956 0.228152
7.360000 -0.068292 0.227672
7.370000 -0.070624 0.227168
7.380000 -0.072954 0.226641
7.390000 -0.075280 0.226090
7.400000 -0.077602 0.225516
7.410000 -0.079920 0.224918
7.420000 -0.082235 0.224296
7.430000 -0.084545 0.223651
7.440000 -0.086850 0.222982
7.450000 -0.089151 0.222290
7.460000 -0.091446 0.221574
7.470000 -0.093737 0.220836
7.480000 -0.096022 0.220073
7.490000 -0.098301 0.219287
7.500000 -0.100574 0.218478
7.510000 -0.102840 0.217646
7.520000 -0.105101 0.216791
7.530000 -0.107354 0.215912
7.540000 -0.109601 0.215010
7.550000 -0.111841 0.214085
7.560000 -0.114073 0.213137
7.570000 -0.116298 0.212166
7.580000 -0.118514 0.211173
7.590000 -0.120723 0.210156
7.600000 -0.122923 0.209116
7.610000 -0.125115 0.208054
7.620000 -0.127298 0.206969
7.630000 -0.129472 0.205862
7.640000 -0.131636 0.204732
7.650000 -0.133791 0.203579
7.660000 -0.135937 0.202405
7.670000 -0.138072 0.201207
7.680000 -0.140198 0.199988
7.690000 -0.142313 0.198747
7.700000 -0.144417 0.197483
7.710000 -0.146510 0.196198
7.720000 -0.148593 0.194890
7.730000 -0.150664 0.193561
7.740000 -0.152723 0.192210
7.750000 -0.154771 0.190838
7.760000 -0.156807 0.189444
7.770000 -0.158830 0.188029
7.780000 -0.160842 0.186592
7.790000 -0.162840 0.185135
7.800000 -0.164826 0.183656
7.810000 -0.166798 0.182156
7.820000 -0.168758 0.180635
7.830000 -0.170704 0.179094
7.840000 -0.172636 0.177532
7.850000 -0.174554 0.175949
7.860000 -0.176458 0.174347
7.870000 -0.178347 0.172723
7.880000 -0.180223 0.171080
7.890000 -0.182083 0.169417
7.900000 -0.183928 0.167734
7.910000 -0.185758 0.166031
7.920000 -0.187573 0.164308
7.930000 -0.189372 0.162566
7.940000 -0.191155 0.160805
7.950000 -0.192922 0.159024
7.960000 -0.194673 0.157225
7.970000 -0.196407 0.155406
7.980000 -0.198125 0.153569
7.990000 -0.199826 0.151713
8.000000 -0.201510 0.149839
8.010000 -0.203177 0.147946
8.020000 -0.204826 0.146036
8.030000 -0.206458 0.144107
8.040000 -0.208072 0.142160
8.050000 -0.209668 0.140196
8.060000 -0.211245 0.138214
8.070000 -0.212805 0.136215
8.080000 -0.214345 0.134199
8.090000 -0.215867 0.132165
8.100000 -0.217371 0.130115
8.110000 -0.218854 0.128048
8.120000 -0.220319 0.125965
8.130000 -0.221764 0.123865
8.140000 -0.223190 0.121750
8.150000 -0.224596 0.119618
8.160000 -0.225981 0.117470
8.170000 -0.227347 0.115307
8.180000 -0.228692 0.113129
8.190000 -0.230017 0.110935
8.200000 -0.231321 0.108726
8.210000 -0.232604 0.106502
8.220000 -0.233866 0.104264
8.230000 -0.235107 0.102011
8.240000 -0.236327 0.099745
8.250000 -0.237525 0.097464
8.260000 -0.238701 0.095169
8.270000 -0.239856 0.092860
8.280000 -0.240989 0.090538
8.290000 -0.242099 0.088203
8.300000 -0.243188 0.085855
8.310000 -0.244254 0.083494
8.320000 -0.245297 0.081120
8.330000 -0.246318 0.078734
8.340000 -0.247316 0.076336
8.350000 -0.248290 0.073925
8.360000 -0.249242 0.071503
8.370000 -0.250171 0.069070
8.380000 -0.251076 0.066625
8.390000 -0.251958 0.064169
8.400000 -0.252816 0.061702
8.410000 -0.253650 0.059225
8.420000 -0.254460 0.056737
8.430000 -0.255247 0.054238
8.440000 -0.256009 0.051730
8.450000 -0.256747 0.049212
8.460000 -0.257460 0.046685
8.470000 -0.258149 0.044148
8.480000 -0.258814 0.041603
8.490000 -0.259454 0.039048
8.500000 -0.260069 0.036485
8.510000 -0.260659 0.033913
8.520000 -0.261224 0.031334
8.530000 -0.261763 0.028746
8.540000 -0.262278 0.026151
8.550000 -0.262767 0.023549
8.560000 -0.263231 0.020939
8.570000 -0.263670 0.018323
8.580000 -0.264082 0.015700
8.590000 -0.264469 0.013070
8.600000 -0.264831 0.010434
8.610000 -0.265166 0.007793
8.620000 -0.265476 0.005146
8.630000 -0.265759 0.002493
8.640000 -0.266017 -0.000165
8.650000 -0.266248 -0.002828
8.660000 -0.266453 -0.005495
8.670000 -0.266631 -0.008167
8.680000 -0.266784 -0.010843
8.690000 -0.266910 -0.013523
8.700000 -0.267009 -0.016206
8.710000 -0.267082 -0.018893
8.720000 -0.267128 -0.021583
8.730000 -0.267147 -0.024275
8.740000 -0.267140 -0.026971
8.750000 -0.267106 -0.029668
8.760000 -0.267045 -0.032368
8.770000 -0.266958 -0.035070
8.780000 -0.266843 -0.037773
8.790000 -0.266702 -0.040477
8.800000 -0.266533 -0.043183
8.810000 -0.266338 -0.045889
8.820000 -0.266115 -0.048595
8.830000 -0.265866 -0.051302
8.840000 -0.265589 -0.054009
8.850000 -0.265285 -0.056716
8.860000 -0.264954 -0.059421
8.870000 -0.264596 -0.062127
8.880000 -0.264211 -0.064830
8.890000 -0.263798 -0.067533
8.900000 -0.263359 -0.070234
8.910000 -0.262892 -0.072933
8.920000 -0.262398 -0.075630
8.930000 -0.261876 -0.078324
8.940000 -0.261328 -0.081016
8.950000 -0.260752 -0.083704
8.960000 -0.260149 -0.086390
8.970000 -0.259519 -0.089072
8.980000 -0.258862 -0.091750
8.990000 -0.258177 -0.094424
9.000000 -0.257466 -0.097093
9.010000 -0.256727 -0.099758
9.020000 -0.255961 -0.102418
9.030000 -0.255168 -0.105073
9.040000 -0.254348 -0.107722
9.050000 -0.253501 -0.110366
9.060000 -0.252626 -0.113004
9.070000 -0.251725 -0.115636
9.080000 -0.250797 -0.118261
9.090000 -0.249842 -0.120879
9.100000 -0.248861 -0.123490
9.110000 -0.247852 -0.126094
9.120000 -0.246817 -0.128690
9.130000 -0.245754 -0.131278
9.140000 -0.244666 -0.133859
9.150000 -0.243550 -0.136430
9.160000 -0.242408 -0.138993
9.170000 -0.241240 -0.141548
9.180000 -0.240045 -0.144093
9.190000 -0.238824 -0.146628
9.200000 -0.237577 -0.149154
9.210000 -0.236303 -0.151670
9.220000 -0.235003 -0.154175
9.230000 -0.233677 -0.156670
9.240000 -0.232325 -0.159154
9.250000 -0.230948 -0.161627
9.260000 -0.229544 -0.164089
9.270000 -0.228115 -0.166539
9.280000 -0.226660 -0.168977
9.290000 -0.225179 -0.171403
9.300000 -0.223673 -0.173816
9.310000 -0.222142 -0.176217
9.320000 -0.220585 -0.178605
9.330000 -0.219004 -0.180980
9.340000 -0.217397 -0.183342
9.350000 -0.215765 -0.185689
9.360000 -0.214109 -0.188023
9.370000 -0.212428 -0.190343
9.380000 -0.210722 -0.192648
9.390000 -0.208992 -0.194938
9.400000 -0.207237 -0.197213
9.410000 -0.205458 -0.199474
9.420000 -0.203655 -0.201718
9.430000 -0.201828 -0.203947
9.440000 -0.199977 -0.206160
9.450000 -0.198103 -0.208357
9.460000 -0.196205 -0.210537
9.470000 -0.194283 -0.212701
9.480000 -0.192339 -0.214847
9.490000 -0.190371 -0.216977
9.500000 -0.188380 -0.219089
9.510000 -0.186366 -0.221183
9.520000 -0.184330 -0.223259
9.530000 -0.182271 -0.225317
9.540000 -0.180189 -0.227357
9.550000 -0.178086 -0.229378
9.560000 -0.175960 -0.231380
9.570000 -0.173813 -0.233363
9.580000 -0.171644 -0.235327
9.590000 -0.169453 -0.237271
9.600000 -0.167240 -0.239195
9.610000 -0.165007 -0.241099
9.620000 -0.162753 -0.242983
9.630000 -0.160477 -0.244846
9.640000 -0.158181 -0.246689
9.650000 -0.155865 -0.248511
9.660000 -0.153528 -0.250311
9.670000 -0.151171 -0.252091
9.680000 -0.148794 -0.253848
9.690000 -0.146397 -0.255584
9.700000 -0.143981 -0.257298
9.710000 -0.141546 -0.258989
9.720000 -0.139091 -0.260658
9.730000 -0.136617 -0.262305
9.740000 -0.134125 -0.263928
9.750000 -0.131614 -0.265529
9.760000 -0.129085 -0.267106
9.770000 -0.126537 -0.268659
9.780000 -0.123972 -0.270189
9.790000 -0.121389 -0.271696
9.800000 -0.118789 -0.273178
9.810000 -0.116171 -0.274635
9.820000 -0.113536 -0.276069
9.830000 -0.110885 -0.277477
9.840000 -0.108216 -0.278861
9.850000 -0.105532 -0.280220
9.860000 -0.102831 -0.281553
9.870000 -0.100115 -0.282861
9.880000 -0.097382 -0.284144
9.890000 -0.094635 -0.285401
9.900000 -0.091872 -0.286632
9.910000 -0.089094 -0.287836
9.920000 -0.086301 -0.289015
9.930000 -0.083494 -0.290167
9.940000 -0.080673 -0.291292
9.950000 -0.077837 -0.292391
9.960000 -0.074988 -0.293463
9.970000 -0.072126 -0.294507
9.980000 -0.069250 -0.295525
9.990000 -0.066361 -0.296514
10.000000 -0.063460 -0.297477
10.010000 -0.060546 -0.298411
10.020000 -0.057619 -0.299318
10.030000 -0.054681 -0.300197
10.040000 -0.051731 -0.301047
10.050000 -0.048770 -0.301869
10.060000 -0.045798 -0.302663
10.070000 -0.042814 -0.303428
10.080000 -0.039820 -0.304165
10.090000 -0.036816 -0.304872
10.100000 -0.033801 -0.305551
10.110000 -0.030777 -0.306200
10.120000 -0.027743 -0.306821
10.130000 -0.024700 -0.307411
10.140000 -0.021648 -0.307973
10.150000 -0.018587 -0.308505
10.160000 -0.015518 -0.309007
10.170000 -0.012440 -0.309479
10.180000 -0.009355 -0.309921
10.190000 -0.006262 -0.310333
10.200000 -0.003162 -0.310715
10.210000 -0.000055 -0.311067
10.220000 0.003059 -0.311389
10.230000 0.006180 -0.311680
10.240000 0.009306 -0.311940
10.250000 0.012438 -0.312170
10.260000 0.015576 -0.312369
10.270000 0.018720 -0.312538
10.280000 0.021868 -0.312675
10.290000 0.025021 -0.312782
10.300000 0.028178 -0.312857
10.310000 0.031339 -0.312901
10.320000 0.034504 -0.312914
10.330000 0.037673 -0.312896
10.340000 0.040845 -0.312847
10.350000 0.044019 -0.312766
10.360000 0.047197 -0.312654
10.370000 0.050376 -0.312510
10.380000 0.053558 -0.312334
10.390000 0.056741 -0.312127
10.400000 0.059925 -0.311889
10.410000 0.063111 -0.311618
10.420000 0.066297 -0.311316
10.430000 0.069484 -0.310982
10.440000 0.072671 -0.310616
10.450000 0.075858 -0.310218
10.460000 0.079044 -0.309789
10.470000 0.082229 -0.309327
10.480000 0.085414 -0.308834
10.490000 0.088597 -0.308308
10.500000 0.091778 -0.307751
10.510000 0.094957 -0.307161
10.520000 0.098134 -0.306540
10.530000 0.101308 -0.305886
10.540000 0.104479 -0.305201
10.550000 0.107647 -0.304483
10.560000 0.110811 -0.303733
10.570000 0.113971 -0.302952
10.580000 0.117127 -0.302138
10.590000 0.120278 -0.301292
10.600000 0.123425 -0.300414
10.610000 0.126566 -0.299504
10.620000 0.129702 -0.298562
10.630000 0.132832 -0.297588
10.640000 0.135956 -0.296582
10.650000 0.139073 -0.295545
10.660000 0.142184 -0.294475
10.670000 0.145287 -0.293373
10.680000 0.148383 -0.292240
10.690000 0.151471 -0.291075
10.700000 0.154552 -0.289878
10.710000 0.157624 -0.288649
10.720000 0.160687 -0.287388
10.730000 0.163741 -0.286096
10.740000 0.166786 -0.284773
10.750000 0.169821 -0.283418
10.760000 0.172846 -0.282031
10.770000 0.175861 -0.280613
10.780000 0.178866 -0.279164
10.790000 0.181859 -0.277683
10.800000 0.184842 -0.276171
10.810000 0.187813 -0.274629
10.820000 0.190772 -0.273055
10.830000 0.193718 -0.271450
10.840000 0.196653 -0.269814
10.850000 0.199574 -0.268148
10.860000 0.202483 -0.266450
10.870000 0.205378 -0.264722
10.880000 0.208259 -0.262964
10.890000 0.211126 -0.261175
10.900000 0.213979 -0.259356
10.910000 0.216818 -0.257507
10.920000 0.219641 -0.255628
10.930000 0.222449 -0.253718
10.940000 0.225242 -0.251779
10.950000 0.228018 -0.249810
10.960000 0.230779 -0.247811
10.970000 0.233523 -0.245783
10.980000 0.236250 -0.243726
10.990000 0.238960 -0.241639
11.000000 0.241653 -0.239523
11.010000 0.244328 -0.237378
11.020000 0.246985 -0.235205
11.030000 0.249624 -0.233002
11.040000 0.252244 -0.230771
11.050000 0.254845 -0.228512
11.060000 0.257427 -0.226224
11.070000 0.259990 -0.223908
11.080000 0.262532 -0.221565
11.090000 0.265055 -0.219193
11.100000 0.267557 -0.216794
11.110000 0.270039 -0.214367
11.120000 0.272500 -0.211913
11.130000 0.274939 -0.209432
11.140000 0.277358 -0.206924
11.150000 0.279754 -0.204390
11.160000 0.282128 -0.201828
11.170000 0.284480 -0.199240
11.180000 0.286809 -0.196626
11.190000 0.289115 -0.193986
11.200000 0.291398 -0.191320
11.210000 0.293658 -0.188629
11.220000 0.295894 -0.185911
11.230000 0.298105 -0.183169
11.240000 0.300293 -0.180402
11.250000 0.302456 -0.177609
11.260000 0.304594 -0.174792
11.270000 0.306707 -0.171951
11.280000 0.308795 -0.169085
11.290000 0.310857 -0.166196
11.300000 0.312893 -0.163282
11.310000 0.314903 -0.160345
11.320000 0.316886 -0.157385
11.330000 0.318843 -0.154402
11.340000 0.320773 -0.151395
11.350000 0.322676 -0.148366
11.360000 0.324552 -0.145315
11.370000 0.326400 -0.142241
11.380000 0.328219 -0.139145
11.390000 0.330011 -0.136028
11.400000 0.331774 -0.132889
11.410000 0.333509 -0.129729
11.420000 0.335215 -0.126548
11.430000 0.336892 -0.123346
11.440000 0.338539 -0.120124
11.450000 0.340157 -0.116882
11.460000 0.341745 -0.113620
11.470000 0.343303 -0.110338
11.480000 0.344831 -0.107036
11.490000 0.346328 -0.103716
11.500000 0.347794 -0.100376
11.510000 0.349230 -0.097018
11.520000 0.350634 -0.093641
11.530000 0.352007 -0.090247
11.540000 0.353349 -0.086835
11.550000 0.354659 -0.083405
11.560000 0.355937 -0.079958
11.570000 0.357182 -0.076494
11.580000 0.358396 -0.073013
11.590000 0.359576 -0.069516
11.600000 0.360724 -0.066003
11.610000 0.361839 -0.062474
11.620000 0.362921 -0.058930
11.630000 0.363969 -0.055371
11.640000 0.364984 -0.051796
11.650000 0.365965 -0.048207
11.660000 0.366913 -0.044604
11.670000 0.367826 -0.040987
11.680000 0.368705 -0.037356
11.690000 0.369549 -0.033712
11.700000 0.370359 -0.030055
11.710000 0.371134 -0.026385
11.720000 0.371874 -0.022702
11.730000 0.372579 -0.019008
11.740000 0.373249 -0.015302
11.750000 0.373884 -0.011584
11.760000 0.374483 -0.007855
11.770000 0.375046 -0.004115
11.780000 0.375573 -0.000365
11.790000 0.376064 0.003395
11.800000 0.376519 0.007165
11.810000 0.376938 0.010945
11.820000 0.377321 0.014733
11.830000 0.377666 0.018531
11.840000 0.377976 0.022337
11.850000 0.378248 0.026151
11.860000 0.378483 0.029973
11.870000 0.378682 0.033802
11.880000 0.378843 0.037639
11.890000 0.378966 0.041482
11.900000 0.379053 0.045332
11.910000 0.379102 0.049188
11.920000 0.379113 0.053049
11.930000 0.379087 0.056916
11.940000 0.379022 0.060788
11.950000 0.378920 0.064665
11.960000 0.378780 0.068546
11.970000 0.378601 0.072431
11.980000 0.378385 0.076319
11.990000 0.378130 0.080211
12.000000 0.377837 0.084106
12.010000 0.377505 0.088003
12.020000 0.377135 0.091903
12.030000 0.376726 0.095804
12.040000 0.376278 0.099706
12.050000 0.375792 0.103610
12.060000 0.375267 0.107515
12.070000 0.374703 0.111420
12.080000 0.374101 0.115324
12.090000 0.373459 0.119229
12.100000 0.372778 0.123133
12.110000 0.372058 0.127035
12.120000 0.371300 0.130936
12.130000 0.370502 0.134836
12.140000 0.369665 0.138733
12.150000 0.368788 0.142627
12.160000 0.367873 0.146518
12.170000 0.366918 0.150406
12.180000 0.365924 0.154291
12.190000 0.364891 0.158171
12.200000 0.363818 0.162047
12.210000 0.362706 0.165918
12.220000 0.361555 0.169784
12.230000 0.360364 0.173644
12.240000 0.359134 0.177498
12.250000 0.357865 0.181346
12.260000 0.356556 0.185187
12.270000 0.355208 0.189020
12.280000 0.353821 0.192847
12.290000 0.352395 0.196665
12.300000 0.350929 0.200476
12.310000 0.349424 0.204277
12.320000 0.347880 0.208070
12.330000 0.346296 0.211853
12.340000 0.344674 0.215626
12.350000 0.343012 0.219390
12.360000 0.341311 0.223142
12.370000 0.339572 0.226884
12.380000 0.337793 0.230615
12.390000 0.335975 0.234334
12.400000 0.334119 0.238040
12.410000 0.332223 0.241735
12.420000 0.330289 0.245416
12.430000 0.328317 0.249084
12.440000 0.326305 0.252739
12.450000 0.324255 0.256380
12.460000 0.322167 0.260006
12.470000 0.320040 0.263618
12.480000 0.317875 0.267214
12.490000 0.315671 0.270795
12.500000 0.313430 0.274360
12.510000 0.311150 0.277909
12.520000 0.308833 0.281442
12.530000 0.306477 0.284957
12.540000 0.304084 0.288455
12.550000 0.301653 0.291935
12.560000 0.299185 0.295397
12.570000 0.296679 0.298841
12.580000 0.294136 0.302265
12.590000 0.291556 0.305671
12.600000 0.288939 0.309056
12.610000 0.286284 0.312422
12.620000 0.283593 0.315768
12.630000 0.280866 0.319092
12.640000 0.278101 0.322396
12.650000 0.275301 0.325678
12.660000 0.272464 0.328938
12.670000 0.269591 0.332176
12.680000 0.266682 0.335392
12.690000 0.263738 0.338584
12.700000 0.260757 0.341753
12.710000 0.257742 0.344899
12.720000 0.254691 0.348020
12.730000 0.251604 0.351117
12.740000 0.248483 0.354189
12.750000 0.245327 0.357236
12.760000 0.242137 0.360258
12.770000 0.238912 0.363254
12.780000 0.235653 0.366223
12.790000 0.232359 0.369166
12.800000 0.229032 0.372083
12.810000 0.225671 0.374971
12.820000 0.222277 0.377833
12.830000 0.218850 0.380666
12.840000 0.215389 0.383471
12.850000 0.211896 0.386247
12.860000 0.208370 0.388995
12.870000 0.204811 0.391712
12.880000 0.201221 0.394401
12.890000 0.197598 0.397059
12.900000 0.193943 0.399687
12.910000 0.190257 0.402284
12.920000 0.186540 0.404850
12.930000 0.182792 0.407385
12.940000 0.179013 0.409888
12.950000 0.175203 0.412359
12.960000 0.171363 0.414798
12.970000 0.167493 0.417204
12.980000 0.163593 0.419576
12.990000 0.159663 0.421916
13.000000 0.155704 0.424222
13.010000 0.151716 0.426494
13.020000 0.147699 0.428731
13.030000 0.143653 0.430934
13.040000 0.139580 0.433102
13.050000 0.135478 0.435235
13.060000 0.131348 0.437332
13.070000 0.127191 0.439393
13.080000 0.123007 0.441418
13.090000 0.118796 0.443407
13.100000 0.114558 0.445359
13.110000 0.110294 0.447274
13.120000 0.106004 0.449151
13.130000 0.101688 0.450991
13.140000 0.097347 0.452792
13.150000 0.092980 0.454556
13.160000 0.088589 0.456281
13.170000 0.084173 0.457967
13.180000 0.079733 0.459614
13.190000 0.075269 0.461221
13.200000 0.070781 0.462789
13.210000 0.066270 0.464317
13.220000 0.061736 0.465804
13.230000 0.057179 0.467251
13.240000 0.052600 0.468657
13.250000 0.047999 0.470022
13.260000 0.043377 0.471346
13.270000 0.038733 0.472629
13.280000 0.034068 0.473869
13.290000 0.029382 0.475067
13.300000 0.024676 0.476223
13.310000 0.019949 0.477336
13.320000 0.015204 0.478407
13.330000 0.010438 0.479434
13.340000 0.005654 0.480418
13.350000 0.000851 0.481358
13.360000 -0.003970 0.482255
13.370000 -0.008809 0.483107
13.380000 -0.013665 0.483915
13.390000 -0.018539 0.484678
13.400000 -0.023429 0.485397
13.410000 -0.028337 0.486071
13.420000 -0.033260 0.486699
13.430000 -0.038199 0.487282
13.440000 -0.043153 0.487819
13.450000 -0.048122 0.488311
13.460000 -0.053106 0.488756
13.470000 -0.058104 0.489155
13.480000 -0.063116 0.489507
13.490000 -0.068142 0.489813
13.500000 -0.073181 0.490072
13.510000 -0.078232 0.490283
13.520000 -0.083296 0.490447
13.530000 -0.088372 0.490564
13.540000 -0.093459 0.490633
13.550000 -0.098557 0.490654
13.560000 -0.103667 0.490627
13.570000 -0.108786 0.490552
13.580000 -0.113916 0.490428
13.590000 -0.119055 0.490256
13.600000 -0.124204 0.490035
13.610000 -0.129361 0.489765
13.620000 -0.134526 0.489445
13.630000 -0.139700 0.489077
13.640000 -0.144881 0.488659
13.650000 -0.150070 0.488191
13.660000 -0.155265 0.487674
13.670000 -0.160466 0.487106
13.680000 -0.165674 0.486489
13.690000 -0.170887 0.485821
13.700000 -0.176105 0.485103
13.710000 -0.181327 0.484334
13.720000 -0.186555 0.483515
13.730000 -0.191785 0.482645
13.740000 -0.197020 0.481724
13.750000 -0.202257 0.480752
13.760000 -0.207497 0.479729
13.770000 -0.212739 0.478655
13.780000 -0.217983 0.477529
13.790000 -0.223229 0.476352
13.800000 -0.228475 0.475123
13.810000 -0.233721 0.473842
13.820000 -0.238968 0.472509
13.830000 -0.244214 0.471125
13.840000 -0.249460 0.469688
13.850000 -0.254704 0.468199
13.860000 -0.259947 0.466658
13.870000 -0.265187 0.465065
13.880000 -0.270425 0.463419
13.890000 -0.275660 0.461721
13.900000 -0.280892 0.459970
13.910000 -0.286119 0.458166
13.920000 -0.291343 0.456310
13.930000 -0.296561 0.454400
13.940000 -0.301775 0.452438
13.950000 -0.306983 0.450423
13.960000 -0.312185 0.448355
13.970000 -0.317380 0.446234
13.980000 -0.322569 0.444059
13.990000 -0.327750 0.441832
14.000000 -0.332923 0.439551
14.010000 -0.338088 0.437216
14.020000 -0.343245 0.434829
14.030000 -0.348392 0.432388
14.040000 -0.353530 0.429893
14.050000 -0.358658 0.427345
14.060000 -0.363775 0.424744
14.070000 -0.368881 0.422088
14.080000 -0.373976 0.419380
14.090000 -0.379060 0.416617
14.100000 -0.384131 0.413801
14.110000 -0.389189 0.410931
14.120000 -0.394234 0.408008
14.130000 -0.399266 0.405031
14.140000 -0.404284 0.402000
14.150000 -0.409287 0.398915
14.160000 -0.414276 0.395777
14.170000 -0.419249 0.392584
14.180000 -0.424206 0.389338
14.190000 -0.429147 0.386038
14.200000 -0.434072 0.382685
14.210000 -0.438979 0.379277
14.220000 -0.443869 0.375816
14.230000 -0.448741 0.372301
14.240000 -0.453594 0.368733
14.250000 -0.458429 0.365110
14.260000 -0.463244 0.361434
14.270000 -0.468040 0.357704
14.280000 -0.472815 0.353920
14.290000 -0.477570 0.350083
14.300000 -0.482304 0.346192
14.310000 -0.487016 0.342248
14.320000 -0.491706 0.338249
14.330000 -0.496374 0.334197
14.340000 -0.501019 0.330092
14.350000 -0.505641 0.325933
14.360000 -0.510239 0.321721
14.370000 -0.514814 0.317455
14.380000 -0.519363 0.313135
14.390000 -0.523888 0.308763
14.400000 -0.528387 0.304337
14.410000 -0.532860 0.299857
14.420000 -0.537307 0.295324
14.430000 -0.541728 0.290738
14.440000 -0.546121 0.286099
14.450000 -0.550487 0.281407
14.460000 -0.554824 0.276662
14.470000 -0.559134 0.271863
14.480000 -0.563414 0.267012
14.490000 -0.567665 0.262108
14.500000 -0.571887 0.257151
14.510000 -0.576078 0.252140
14.520000 -0.580239 0.247078
14.530000 -0.584369 0.241962
14.540000 -0.588468 0.236794
14.550000 -0.592535 0.231573
14.560000 -0.596570 0.226299
14.570000 -0.600572 0.220973
14.580000 -0.604541 0.215595
14.590000 -0.608476 0.210164
14.600000 -0.612378 0.204681
14.610000 -0.616246 0.199145
14.620000 -0.620079 0.193557
14.630000 -0.623877 0.187917
14.640000 -0.627639 0.182225
14.650000 -0.631366 0.176480
14.660000 -0.635056 0.170684
14.670000 -0.638710 0.164836
14.680000 -0.642327 0.158935
14.690000 -0.645906 0.152983
14.700000 -0.649447 0.146979
14.710000 -0.652950 0.140923
14.720000 -0.656414 0.134816
14.730000 -0.659840 0.128656
14.740000 -0.663226 0.122445
14.750000 -0.666572 0.116183
14.760000 -0.669878 0.109868
14.770000 -0.673143 0.103502
14.780000 -0.676368 0.097085
14.790000 -0.679551 0.090616
14.800000 -0.682692 0.084096
14.810000 -0.685791 0.077524
14.820000 -0.688848 0.070901
14.830000 -0.691862 0.064226
14.840000 -0.694833 0.057500
14.850000 -0.697760 0.050722
14.860000 -0.700643 0.043893
14.870000 -0.703482 0.037013
14.880000 -0.706276 0.030081
14.890000 -0.709025 0.023098
14.900000 -0.711729 0.016063
14.910000 -0.714386 0.008977
14.920000 -0.716998 0.001839
14.930000 -0.719563 -0.005350
14.940000 -0.722082 -0.012591
14.950000 -0.724553 -0.019883
14.960000 -0.726976 -0.027227
14.970000 -0.729352 -0.034623
14.980000 -0.731679 -0.042070
14.990000 -0.733958 -0.049570
15.000000 -0.736188 -0.057121
15.010000 -0.738369 -0.064724
15.020000 -0.740499 -0.072380
15.030000 -0.742580 -0.080087
15.040000 -0.744611 -0.087848
15.050000 -0.746591 -0.095660
15.060000 -0.748520 -0.103525
15.070000 -0.750398 -0.111443
15.080000 -0.752224 -0.119415
15.090000 -0.753998 -0.127439
15.100000 -0.755720 -0.135516
15.110000 -0.757389 -0.143647
15.120000 -0.759005 -0.151832
15.130000 -0.760568 -0.160071
15.140000 -0.762078 -0.168364
15.150000 -0.763533 -0.176712
15.160000 -0.764935 -0.185114
15.170000 -0.766281 -0.193571
15.180000 -0.767573 -0.202084
15.190000 -0.768810 -0.210653
15.200000 -0.769991 -0.219277
15.210000 -0.771117 -0.227959
15.220000 -0.772186 -0.236697
15.230000 -0.773199 -0.245492
15.240000 -0.774156 -0.254345
15.250000 -0.775055 -0.263256
15.260000 -0.775897 -0.272226
15.270000 -0.776682 -0.281255
15.280000 -0.777408 -0.290344
15.290000 -0.778076 -0.299493
15.300000 -0.778686 -0.308704
15.310000 -0.779237 -0.317975
15.320000 -0.779729 -0.327309
15.330000 -0.780162 -0.336706
15.340000 -0.780535 -0.346167
15.350000 -0.780848 -0.355692
15.360000 -0.781100 -0.365282
15.370000 -0.781293 -0.374939
15.380000 -0.781424 -0.384662
15.390000 -0.781494 -0.394454
15.400000 -0.781503 -0.404314
15.410000 -0.781450 -0.414245
15.420000 -0.781335 -0.424246
15.430000 -0.781158 -0.434320
15.440000 -0.780918 -0.444468
15.450000 -0.780615 -0.454690
15.460000 -0.780249 -0.464988
15.470000 -0.779820 -0.475364
15.480000 -0.779327 -0.485818
15.490000 -0.778770 -0.496353
15.500000 -0.778149 -0.506970
15.510000 -0.777463 -0.517671
15.520000 -0.776712 -0.528457
15.530000 -0.775896 -0.539331
15.540000 -0.775015 -0.550294
15.550000 -0.774067 -0.561349
15.560000 -0.773054 -0.572496
15.570000 -0.771975 -0.583740
15.580000 -0.770829 -0.595082
15.590000 -0.769616 -0.606524
15.600000 -0.768335 -0.618070
15.610000 -0.766988 -0.629722
15.620000 -0.765572 -0.641483
15.630000 -0.764088 -0.653355
15.640000 -0.762536 -0.665343
15.650000 -0.760915 -0.677449
15.660000 -0.759225 -0.689678
15.670000 -0.757466 -0.702032
15.680000 -0.755637 -0.714516
15.690000 -0.753738 -0.727134
15.700000 -0.751769 -0.739890
15.710000 -0.749729 -0.752789
15.720000 -0.747618 -0.765836
15.730000 -0.745436 -0.779035
15.740000 -0.743182 -0.792394
15.750000 -0.740856 -0.805916
15.760000 -0.738458 -0.819608
15.770000 -0.735987 -0.833477
15.780000 -0.733444 -0.847529
15.790000 -0.730827 -0.861772
15.800000 -0.728136 -0.876214
15.810000 -0.725371 -0.890861
15.820000 -0.722532 -0.905724
15.830000 -0.719618 -0.920811
15.840000 -0.716629 -0.936132
15.850000 -0.713565 -0.951697
15.860000 -0.710424 -0.967517
15.870000 -0.707208 -0.983605
15.880000 -0.703914 -0.999972
15.890000 -0.700544 -1.016632
15.900000 -0.697096 -1.033600
15.910000 -0.693571 -1.050891
15.920000 -0.689967 -1.068521
15.930000 -0.686285 -1.086509
15.940000 -0.682524 -1.104872
15.950000 -0.678683 -1.123633
15.960000 -0.674763 -1.142812
15.970000 -0.670763 -1.162433
15.980000 -0.666683 -1.182523
15.990000 -0.662522 -1.203109
16.000000 -0.658281 -1.224222
16.010000 -0.653958 -1.245894
16.020000 -0.649554 -1.268161
16.030000 -0.645069 -1.291061
16.040000 -0.640502 -1.314638
16.050000 -0.635853 -1.338939
16.060000 -0.631123 -1.364013
16.070000 -0.626312 -1.389918
16.080000 -0.621419 -1.416715
16.090000 -0.616445 -1.444474
16.100000 -0.611392 -1.473269
16.110000 -0.606259 -1.503186
16.120000 -0.601047 -1.534319
16.130000 -0.595759 -1.566774
16.140000 -0.590395 -1.600669
16.150000 -0.584958 -1.636139
16.160000 -0.579451 -1.673335
16.170000 -0.573877 -1.712430
16.180000 -0.568240 -1.753622
16.190000 -0.562546 -1.797137
16.200000 -0.556801 -1.843239
16.210000 -0.551013 -1.892233
16.220000 -0.545193 -1.944478
16.230000 -0.539355 -2.000395
16.240000 -0.533513 -2.060488
16.250000 -0.527690 -2.125361
16.260000 -0.521911 -2.195745
16.270000 -0.516211 -2.272539
16.280000 -0.510635 -2.356860
16.290000 -0.505242 -2.450112
16.300000 -0.500112 -2.554097
16.310000 -0.495353 -2.671167
16.320000 -0.491115 -2.804459
16.330000 -0.487613 -2.958272
16.340000 -0.485163 -3.138686
16.350000 -0.484247 -3.354630
16.360000 -0.485635 -3.619879
16.370000 -0.490639 -3.957047
16.380000 -0.501684 -4.406547
16.390000 -0.523832 -5.049886
16.400000 -0.569846 -6.085838
16.410000 -0.685505 -8.203664
16.420000 -1.326027 -18.008978


